sift_svm = [ 
   35.2778   45.0000   46.4286   46.2500   49.5000   56.2500   48.3333   50.0000   70.0000
   60.2778   74.0625   79.2857   82.0833   85.0000   86.8750   90.8333   87.5000   92.5000
   60.2778   71.2500   82.5000   86.6667   83.0000   84.3750   89.1667   90.0000   97.5000
   67.5000   76.2500   79.6429   85.0000   86.5000   85.6250   90.8333   91.2500   95.0000
   60.5556   79.3750   87.1429   89.1667   84.5000   91.2500   86.6667   93.7500   95.0000
   61.6667   80.3125   80.0000   87.0833   89.0000   90.6250   93.3333   93.7500   90.0000
   60.8333   77.1875   78.2143   83.7500   85.0000   88.7500   92.5000   96.2500   92.5000];



